%YAML:1.0
---
myHogDector1: !!opencv-object-detector-hog
   winSize: [ 64, 128 ]
   blockSize: [ 16, 16 ]
   blockStride: [ 8, 8 ]
   cellSize: [ 8, 8 ]
   nbins: 9
   derivAperture: 1
   winSigma: 4.
   histogramNormType: 0
   L2HysThreshold: 2.0000000000000001e-01
   gammaCorrection: 1
   nlevels: 64
   signedGradient: 0
   SVMDetector: [ 3.56694907e-02, -2.23688222e-02, -1.63805895e-02,
       2.21380796e-02, 2.25455277e-02, -4.04257923e-02, -2.17344835e-02,
       -2.29164995e-02, 3.11655533e-02, 5.63460402e-02, -3.70729249e-04,
       1.01198857e-04, 1.18825257e-04, 1.04651954e-02, 3.11615635e-02,
       -6.86997361e-03, -2.78938580e-02, 1.15706446e-02, 2.76463777e-02,
       -6.02861226e-04, 1.24014840e-02, 4.82719056e-02, 5.70374215e-03,
       -2.06418410e-02, -1.68211982e-02, -5.33988997e-02, 1.05922334e-02,
       1.93280354e-02, 1.56130362e-02, 1.86523178e-03, 3.31084952e-02,
       -1.60967838e-02, 2.56261583e-02, 6.97438698e-03, -1.49452798e-02,
       5.84647572e-03, 3.64712812e-03, -7.32345367e-03, 8.31560045e-03,
       -1.69256721e-02, 3.20358365e-03, 1.02409441e-02, -1.04611600e-02,
       -1.96369160e-02, -1.70363076e-02, 1.90898497e-02, 9.41989012e-03,
       4.98783477e-02, 3.64850797e-02, 2.62944959e-02, -3.98694305e-03,
       1.17791472e-02, 1.67644974e-02, -1.41126208e-03, 1.56316925e-02,
       9.05847002e-04, 3.72182403e-04, 2.18517110e-02, 6.65194774e-03,
       1.82018727e-02, 1.38265761e-02, 4.47820872e-04, 8.98825563e-03,
       1.87832080e-02, 1.10868423e-03, 5.58861485e-03, 3.20242383e-02,
       1.18489821e-04, 2.08298936e-02, 1.19874999e-02, -3.44857178e-03,
       2.15787645e-02, 1.29167270e-02, -9.20871831e-03, 2.87164468e-02,
       1.05185164e-02, 1.30222151e-02, 3.10787652e-02, 2.05576960e-02,
       3.41462381e-02, -5.40740148e-04, 1.92439370e-02, -9.65503044e-03,
       9.86349024e-03, -3.49880420e-02, 2.64069624e-02, 6.07840419e-02,
       4.18685861e-02, 4.56119217e-02, 2.96374112e-02, -1.46849053e-02,
       3.67808901e-03, -5.69557247e-04, 3.88083211e-03, -1.42998863e-02,
       3.43203172e-02, 6.05949899e-03, 7.50727300e-03, 1.03509007e-02,
       -1.29565056e-02, -6.13599923e-03, -7.68347923e-03,
       -3.89754176e-02, -1.81684997e-02, 2.79432237e-02, -6.47618109e-03,
       4.87090722e-02, -5.94136724e-03, 4.61520907e-03, 2.00027060e-02,
       4.64016292e-03, -1.36680743e-02, -3.99724348e-03, 3.64570431e-02,
       1.13170745e-03, -1.75404921e-03, -6.53840648e-03, -2.56613102e-02,
       -1.66617353e-02, -1.49958208e-02, -2.89183520e-02,
       -1.78332273e-02, 5.83176548e-03, -3.84401232e-02, -4.26037200e-02,
       -1.75665990e-02, -1.30310431e-02, 5.16206771e-03, 2.29889397e-02,
       7.22998870e-04, -3.58014517e-02, 2.29093861e-02, 2.57220715e-02,
       4.71200310e-02, -2.42862124e-02, -4.51277718e-02, -3.51299569e-02,
       -2.44017616e-02, -8.15069396e-03, -4.74538952e-02, 1.46482280e-02,
       1.37332361e-02, -6.97112316e-03, -5.46009503e-02, -5.31676691e-03,
       2.62934398e-02, -9.77570284e-03, -4.94898995e-03, 2.44559608e-02,
       4.80035925e-03, 1.38001628e-02, 1.77351423e-02, 4.67545167e-03,
       -3.04904040e-02, -3.16952206e-02, -6.55162781e-02,
       -8.46861303e-03, 1.67675447e-02, 1.43343285e-02, -1.22428583e-02,
       3.50858318e-03, -1.94834732e-02, -9.42418166e-03, 7.85879605e-03,
       -1.66917816e-02, -3.92132532e-03, -3.23691085e-04, 9.55257658e-03,
       4.22553867e-02, 3.65056135e-02, -7.89039675e-03, -4.43836413e-02,
       -4.41079997e-02, -4.62672599e-02, -8.69123731e-03, 2.61931168e-03,
       -8.61533545e-03, 2.07669083e-02, -1.17560092e-03, -1.31291356e-02,
       -4.34772111e-02, -2.70756222e-02, -4.80082668e-02, 2.02338006e-02,
       3.55400071e-02, 2.56006718e-02, 4.45908541e-03, 1.57400798e-02,
       6.95876265e-03, -2.79717166e-02, -2.24325750e-02, -1.46525558e-02,
       2.65597031e-02, -6.47978764e-03, -7.49348989e-03, -9.75238532e-03,
       9.99195781e-03, 8.51092953e-03, -3.35015468e-02, -1.82609092e-02,
       -3.18136401e-02, 3.26729603e-02, 4.81808446e-02, 1.91792753e-02,
       5.03157591e-03, 1.90033708e-02, -1.29552465e-02, -2.56784800e-02,
       1.40075628e-02, 1.44071516e-03, 2.80229189e-02, 2.77625527e-02,
       1.26269506e-03, 6.00407552e-03, 2.05587503e-02, -1.69953667e-02,
       1.43667432e-02, 1.73275359e-02, -8.65003187e-03, 2.63827555e-02,
       3.31140310e-02, -6.05203910e-03, -3.45612946e-03, 3.37294117e-02,
       2.10111029e-02, 5.79364365e-03, 2.44716648e-03, -6.31305054e-02,
       -6.22618431e-03, 9.24450904e-03, -6.82109967e-03, -4.15762365e-02,
       3.31818648e-02, -4.25940566e-03, -9.00175795e-03, 1.50893684e-02,
       -3.44455038e-04, 3.74052450e-02, 3.96415070e-02, -4.54419479e-03,
       2.68200226e-03, 3.48345935e-02, -2.71284841e-02, -1.27224056e-02,
       7.56956218e-03, -4.16413769e-02, -6.64704898e-03, -2.81867944e-03,
       -1.15788891e-03, -4.15937006e-02, 3.07638897e-03, -4.23483998e-02,
       2.73216534e-02, 4.96953959e-03, -3.08233164e-02, -4.89975000e-03,
       2.11638398e-02, 2.15789750e-02, -1.97515283e-02, 2.59916950e-02,
       2.37486847e-02, -2.59237606e-02, -4.12087850e-02, -6.14510067e-02,
       -8.68879445e-03, 1.56106800e-02, 7.68749800e-04, -2.37811524e-02,
       1.17126852e-02, -8.27425439e-03, 2.92457268e-02, 1.60381552e-02,
       1.71557860e-03, 3.61197926e-02, -2.79368879e-03, 3.58390808e-02,
       1.29924836e-02, 3.58835235e-02, -2.69662094e-04, 9.87545401e-03,
       3.73778725e-03, -4.04714840e-03, 1.65933147e-02, -1.43544516e-02,
       -7.76314223e-03, 3.45001183e-02, 1.89674012e-02, -1.13733690e-02,
       -3.29347849e-02, -3.84020247e-02, -2.35860366e-02, 2.49488335e-02,
       -1.39528578e-02, 6.35195011e-03, -1.32665494e-02, 1.10491784e-02,
       -5.94753167e-03, -5.40705351e-03, -3.94496210e-02,
       -1.76957473e-02, 1.34437745e-02, -1.12236859e-02, -6.68788841e-03,
       -1.81568842e-02, -8.43088422e-03, -6.21738072e-05, 6.44133054e-03,
       -7.06524169e-03, 1.57474708e-02, 1.26000801e-02, -4.19364609e-02,
       1.35262460e-02, 3.44506353e-02, 3.37773040e-02, 2.13973150e-02,
       -1.96825359e-02, -2.90218573e-02, -2.27836221e-02,
       -1.11587541e-02, -1.26019930e-02, 4.95398603e-03, -8.85771308e-03,
       -8.20728950e-03, 1.20164929e-02, -2.02597603e-02, -3.40615436e-02,
       -2.25246530e-02, 1.51153440e-02, -2.41335463e-02, 9.38374829e-03,
       -4.04724479e-03, 9.61435866e-03, 2.33170055e-02, -6.90023554e-03,
       -1.07967725e-03, -4.07376140e-02, -2.83760820e-02,
       -4.27517742e-02, -7.42905214e-03, -9.82021447e-03, 4.38666530e-03,
       3.28207179e-03, -1.12109194e-02, 1.45159326e-02, 7.30279554e-03,
       2.68625896e-02, -5.86165721e-03, 2.57833563e-02, 9.14236344e-03,
       8.19499884e-03, -3.86959617e-03, -3.20369797e-03, 1.99387260e-02,
       -1.08396942e-02, 6.58094976e-03, -3.10247224e-02, 1.46464696e-02,
       -7.21967081e-03, -4.82971873e-03, -1.06160594e-02,
       -4.96179424e-03, -8.73783790e-03, -1.29826963e-02, 6.35812664e-03,
       1.82472612e-03, 6.59760553e-04, -1.87111031e-02, 1.48068916e-03,
       -1.29260505e-02, -7.84387626e-03, -3.38907614e-02, 8.98730848e-03,
       7.68164173e-03, -2.27641650e-02, 1.90403173e-03, -1.02837812e-02,
       -8.00201297e-03, -8.96831788e-03, -6.45061256e-03, 2.58893371e-02,
       1.24901123e-02, 2.71792691e-02, 2.13385057e-02, 3.53169963e-02,
       -2.68192310e-02, 1.92867368e-02, -1.62787288e-02, 4.68581915e-03,
       1.48013523e-02, 2.32161395e-02, 5.13031557e-02, -5.87307848e-03,
       1.51304165e-02, -3.62482406e-02, 4.38146759e-03, -7.14832684e-03,
       -2.75505632e-02, -2.39617825e-02, -9.41972248e-03, 1.35165481e-02,
       -9.02106799e-03, -9.00620781e-03, -1.96791850e-02, 2.46546548e-02,
       1.09566003e-02, -3.12066246e-02, -3.28940041e-02, -2.75768917e-02,
       -2.45514531e-02, -2.31549628e-02, -1.56776160e-02,
       -4.66437526e-02, 2.22446732e-02, 8.27032607e-03, -1.15640694e-02,
       -4.17305564e-04, 6.11335598e-03, 2.20555160e-02, 6.10795245e-03,
